30 20
29 20
28 20
28 20
28 20
28 20
28 20
28 21
28 22
28 22
28 22
29 22
30 22
30 22
30 22
30 22
30 22
30 22
30 22
30 22
30 23
30 24
30 24
30 24
30 24
30 24
29 24
28 24
27 24
26 24
26 24
26 24
26 24
26 24
26 24
26 24
26 24
26 25
26 26
26 27
26 28
26 29
26 30
26 30
26 30
26 30
26 30
26 30
26 30
25 30
24 30
23 30
22 30
22 30
22 30
22 30
22 30
22 30
22 30
22 30
22 29
22 28
22 28
22 28
22 28
22 28
22 28
22 28
22 28
22 28
22 28
22 28
22 28
22 28
21 28
20 28
20 29
20 30
20 30
20 30
20 30
20 30
19 30
18 30
18 30
18 30
18 30
18 30
18 30
18 30
18 29
18 28
18 27
18 26
18 26
18 26
18 26
18 26
17 26
16 26
16 26
16 26
16 26
16 26
16 26
16 26
16 26
16 26
16 27
16 28
16 29
16 30
16 30
16 30
16 30
16 30
16 30
16 30
16 30
15 30
14 30
13 30
12 30
11 30
10 30
10 30
10 30
10 30
10 30
10 30
10 30
10 30
10 30
10 30
10 29
10 28
10 28
10 28
10 28
10 28
10 28
9 28
8 28
8 28
8 28
8 28
8 28
8 28
8 28
8 28
8 27
8 26
8 25
8 24
8 23
8 22
8 21
8 20
8 20
8 20
8 20
7 20
6 20
6 20
6 20
6 20
6 20
6 20
6 20
6 20
6 19
6 18
6 18
6 18
6 18
7 18
8 18
9 18
10 18
11 18
12 18
13 18
14 18
14 18
14 18
14 17
14 16
14 16
14 16
14 16
14 16
14 16
13 16
12 16
11 16
10 16
10 16
10 16
10 16
10 16
10 15
10 14
10 14
10 14
10 14
10 14
10 14
9 14
8 14
8 14
8 14
8 14
8 14
8 14
8 14
8 14
8 13
8 12
8 12
8 12
8 12
9 12
10 12
10 12
10 12
10 12
10 12
10 12
10 12
10 11
10 10
10 10
10 10
10 10
10 10
10 10
10 10
10 10
9 10
8 10
8 10
8 10
8 10
8 10
8 10
8 10
8 9
8 8
8 8
8 8
8 8
8 8
8 8
8 8
7 8
6 8
6 8
6 8
6 8
6 8
6 8
6 8
6 9
6 10
6 11
6 12
6 13
6 14
6 14
6 14
6 14
6 14
6 14
5 14
4 14
4 14
4 14
4 14
4 14
4 14
4 14
4 15
4 16
4 17
4 18
4 18
4 18
4 18
4 18
4 18
4 18
4 18
3 18
2 18
2 18
2 18
2 18
2 18
2 19
2 20
2 20
2 20
2 20
3 20
4 20
4 20
4 20
4 20
4 20
4 21
4 22
4 22
4 22
4 22
4 22
4 22
4 22
5 22
6 22
6 22
6 22
6 22
6 22
6 23
6 24
6 25
6 26
6 27
6 28
6 28
6 28
6 28
6 28
6 28
6 28
6 28
6 28
5 28
4 28
3 28
2 28
2 27
2 26
2 25
